(kicad_pcb (version 20171130) (host pcbnew 5.1.10-88a1d61d58~90~ubuntu20.04.1)

  (general
    (thickness 1.6)
    (drawings 13)
    (tracks 534)
    (zones 0)
    (modules 67)
    (nets 50)
  )

  (page A4)
  (layers
    (0 F.Cu signal)
    (31 B.Cu signal)
    (32 B.Adhes user hide)
    (33 F.Adhes user hide)
    (34 B.Paste user)
    (35 F.Paste user)
    (36 B.SilkS user)
    (37 F.SilkS user)
    (38 B.Mask user hide)
    (39 F.Mask user hide)
    (40 Dwgs.User user hide)
    (41 Cmts.User user hide)
    (42 Eco1.User user hide)
    (43 Eco2.User user hide)
    (44 Edge.Cuts user)
    (45 Margin user hide)
    (46 B.CrtYd user)
    (47 F.CrtYd user)
    (48 B.Fab user hide)
    (49 F.Fab user hide)
  )

  (setup
    (last_trace_width 0.2)
    (trace_clearance 0.2)
    (zone_clearance 0.508)
    (zone_45_only no)
    (trace_min 0.2)
    (via_size 0.5)
    (via_drill 0.3)
    (via_min_size 0.4)
    (via_min_drill 0.3)
    (uvia_size 0.3)
    (uvia_drill 0.1)
    (uvias_allowed no)
    (uvia_min_size 0.2)
    (uvia_min_drill 0.1)
    (edge_width 0.05)
    (segment_width 0.2)
    (pcb_text_width 0.3)
    (pcb_text_size 1.5 1.5)
    (mod_edge_width 0.12)
    (mod_text_size 1 1)
    (mod_text_width 0.15)
    (pad_size 1.524 1.524)
    (pad_drill 0.762)
    (pad_to_mask_clearance 0)
    (aux_axis_origin 0 0)
    (visible_elements FFFDFF7F)
    (pcbplotparams
      (layerselection 0x010fc_ffffffff)
      (usegerberextensions false)
      (usegerberattributes true)
      (usegerberadvancedattributes true)
      (creategerberjobfile true)
      (excludeedgelayer true)
      (linewidth 0.100000)
      (plotframeref false)
      (viasonmask false)
      (mode 1)
      (useauxorigin false)
      (hpglpennumber 1)
      (hpglpenspeed 20)
      (hpglpendiameter 15.000000)
      (psnegative false)
      (psa4output false)
      (plotreference true)
      (plotvalue true)
      (plotinvisibletext false)
      (padsonsilk false)
      (subtractmaskfromsilk false)
      (outputformat 1)
      (mirror false)
      (drillshape 1)
      (scaleselection 1)
      (outputdirectory ""))
  )

  (net 0 "")
  (net 1 GND)
  (net 2 "Net-(C1-Pad1)")
  (net 3 /vfo_top/P13V8)
  (net 4 "Net-(C3-Pad1)")
  (net 5 "Net-(C4-Pad1)")
  (net 6 "Net-(C5-Pad1)")
  (net 7 "Net-(C6-Pad1)")
  (net 8 /vfo_top/P3V3)
  (net 9 /vfo_top/P5V0)
  (net 10 "Net-(C11-Pad1)")
  (net 11 "Net-(C14-Pad1)")
  (net 12 /vfo_top/~PTT)
  (net 13 /vfo_top/~TUNE)
  (net 14 /vfo_top/SCL)
  (net 15 /vfo_top/SDA)
  (net 16 /vfo_top/CS_DISP_3V3)
  (net 17 /vfo_top/MOSI_DISP_3V3)
  (net 18 /vfo_top/SCK_DISP_3V3)
  (net 19 "Net-(J1-Pad20)")
  (net 20 "Net-(J2-Pad1)")
  (net 21 "Net-(J6-Pad8)")
  (net 22 "Net-(J6-Pad7)")
  (net 23 "Net-(J6-Pad6)")
  (net 24 "Net-(J6-Pad5)")
  (net 25 "Net-(J6-Pad4)")
  (net 26 "Net-(J6-Pad1)")
  (net 27 "Net-(J6-Pad3)")
  (net 28 "Net-(J6-Pad2)")
  (net 29 "Net-(J7-Pad5)")
  (net 30 "Net-(J7-Pad4)")
  (net 31 /vfo_top/vfo_mpu/PB_ENC_3V3_N)
  (net 32 /vfo_top/vfo_mpu/ENC_B_5V0)
  (net 33 /vfo_top/vfo_mpu/ENC_A_5V0)
  (net 34 "Net-(Q1-Pad3)")
  (net 35 /vfo_top/ENA_BL)
  (net 36 /vfo_top/ENA_FAN)
  (net 37 /vfo_top/vfo_mpu/C1_KP_3V3)
  (net 38 /vfo_top/vfo_mpu/C2_KP_3V3)
  (net 39 /vfo_top/vfo_mpu/C3_KP_3V3)
  (net 40 /vfo_top/vfo_mpu/C4_KP_3V3)
  (net 41 /vfo_top/vfo_mpu/R1_KP_3V3)
  (net 42 /vfo_top/vfo_mpu/R2_KP_3V3)
  (net 43 /vfo_top/vfo_mpu/R3_KP_3V3)
  (net 44 /vfo_top/vfo_mpu/R4_KP_3V3)
  (net 45 "Net-(R20-Pad1)")
  (net 46 /vfo_top/vfo_mpu/TXD_UART_3V3)
  (net 47 /vfo_top/vfo_mpu/RXD_UART_3V3)
  (net 48 /vfo_top/vfo_mpu/I_ENC_3V3_N)
  (net 49 /vfo_top/vfo_mpu/Q_ENC_3V3_N)

  (net_class Default "This is the default net class."
    (clearance 0.2)
    (trace_width 0.2)
    (via_dia 0.5)
    (via_drill 0.3)
    (uvia_dia 0.3)
    (uvia_drill 0.1)
    (add_net /vfo_top/CS_DISP_3V3)
    (add_net /vfo_top/ENA_BL)
    (add_net /vfo_top/ENA_FAN)
    (add_net /vfo_top/MOSI_DISP_3V3)
    (add_net /vfo_top/SCK_DISP_3V3)
    (add_net /vfo_top/SCL)
    (add_net /vfo_top/SDA)
    (add_net /vfo_top/vfo_mpu/C1_KP_3V3)
    (add_net /vfo_top/vfo_mpu/C2_KP_3V3)
    (add_net /vfo_top/vfo_mpu/C3_KP_3V3)
    (add_net /vfo_top/vfo_mpu/C4_KP_3V3)
    (add_net /vfo_top/vfo_mpu/ENC_A_5V0)
    (add_net /vfo_top/vfo_mpu/ENC_B_5V0)
    (add_net /vfo_top/vfo_mpu/I_ENC_3V3_N)
    (add_net /vfo_top/vfo_mpu/PB_ENC_3V3_N)
    (add_net /vfo_top/vfo_mpu/Q_ENC_3V3_N)
    (add_net /vfo_top/vfo_mpu/R1_KP_3V3)
    (add_net /vfo_top/vfo_mpu/R2_KP_3V3)
    (add_net /vfo_top/vfo_mpu/R3_KP_3V3)
    (add_net /vfo_top/vfo_mpu/R4_KP_3V3)
    (add_net /vfo_top/vfo_mpu/RXD_UART_3V3)
    (add_net /vfo_top/vfo_mpu/TXD_UART_3V3)
    (add_net /vfo_top/~PTT)
    (add_net /vfo_top/~TUNE)
    (add_net "Net-(C1-Pad1)")
    (add_net "Net-(C3-Pad1)")
    (add_net "Net-(C5-Pad1)")
    (add_net "Net-(C6-Pad1)")
    (add_net "Net-(J6-Pad1)")
    (add_net "Net-(J6-Pad2)")
    (add_net "Net-(J6-Pad3)")
    (add_net "Net-(J6-Pad4)")
    (add_net "Net-(J6-Pad5)")
    (add_net "Net-(J6-Pad6)")
    (add_net "Net-(J6-Pad7)")
    (add_net "Net-(J6-Pad8)")
    (add_net "Net-(J7-Pad4)")
    (add_net "Net-(J7-Pad5)")
    (add_net "Net-(R20-Pad1)")
  )

  (net_class Power ""
    (clearance 0.2)
    (trace_width 0.6)
    (via_dia 0.8)
    (via_drill 0.6)
    (uvia_dia 0.3)
    (uvia_drill 0.1)
    (add_net /vfo_top/P13V8)
    (add_net /vfo_top/P3V3)
    (add_net /vfo_top/P5V0)
    (add_net GND)
    (add_net "Net-(C11-Pad1)")
    (add_net "Net-(C14-Pad1)")
    (add_net "Net-(C4-Pad1)")
    (add_net "Net-(J1-Pad20)")
    (add_net "Net-(J2-Pad1)")
    (add_net "Net-(Q1-Pad3)")
  )

  (module mods:BLACK_PILL_WE_ACT_STM32F411 locked (layer F.Cu) (tedit 615239F7) (tstamp 61511E14)
    (at 98 100 270)
    (path /6145F9C0/6145FAE1/6146EBEF)
    (fp_text reference U1 (at 0 2.54 90) (layer F.SilkS)
      (effects (font (size 1 1) (thickness 0.15)))
    )
    (fp_text value BLACK_PILL_WE_ACT_STM32F411CEU6 (at 0 -58.42 90) (layer F.Fab)
      (effects (font (size 1 1) (thickness 0.15)))
    )
    (fp_text user SWD (at 0 -1.27 90) (layer F.SilkS)
      (effects (font (size 1 1) (thickness 0.15)))
    )
    (fp_line (start 5.05 0) (end 5.05 -53.35) (layer F.CrtYd) (width 0.12))
    (fp_line (start 10.2 0) (end 5.05 0) (layer F.CrtYd) (width 0.12))
    (fp_line (start 10.2 -53.35) (end 10.2 0) (layer F.CrtYd) (width 0.12))
    (fp_line (start 5.05 -53.35) (end 10.2 -53.35) (layer F.CrtYd) (width 0.12))
    (fp_line (start -10.2 0) (end -10.2 -53.35) (layer F.CrtYd) (width 0.12))
    (fp_line (start -5.05 0) (end -10.2 0) (layer F.CrtYd) (width 0.12))
    (fp_line (start -5.05 -53.35) (end -5.05 0) (layer F.CrtYd) (width 0.12))
    (fp_line (start -10.16 -53.34) (end -11.43 -52.07) (layer F.SilkS) (width 0.15))
    (fp_line (start 10.16 0) (end 10.16 -53.34) (layer F.SilkS) (width 0.15))
    (fp_line (start 5.08 -53.34) (end 5.08 0) (layer F.SilkS) (width 0.15))
    (fp_line (start -10.16 0) (end -10.16 -53.34) (layer F.SilkS) (width 0.15))
    (fp_line (start -5.08 -53.34) (end -5.08 0) (layer F.SilkS) (width 0.15))
    (fp_line (start 11.43 -53.34) (end -11.43 -53.34) (layer F.SilkS) (width 0.15))
    (fp_line (start 11.43 0) (end 11.43 -53.34) (layer F.SilkS) (width 0.15))
    (fp_line (start -11.43 0) (end 11.43 0) (layer F.SilkS) (width 0.15))
    (fp_line (start -11.43 -53.34) (end -11.43 0) (layer F.SilkS) (width 0.15))
    (fp_line (start -10.2 -53.35) (end -5.05 -53.35) (layer F.CrtYd) (width 0.12))
    (pad 40 thru_hole circle (at 7.62 -50.8 270) (size 1.6 1.6) (drill 1) (layers *.Cu *.Mask)
      (net 9 /vfo_top/P5V0))
    (pad 39 thru_hole circle (at 7.62 -48.26 270) (size 1.6 1.6) (drill 1) (layers *.Cu *.Mask)
      (net 1 GND))
    (pad 38 thru_hole circle (at 7.62 -45.72 270) (size 1.6 1.6) (drill 1) (layers *.Cu *.Mask))
    (pad 37 thru_hole circle (at 7.62 -43.18 270) (size 1.6 1.6) (drill 1) (layers *.Cu *.Mask)
      (net 12 /vfo_top/~PTT))
    (pad 36 thru_hole circle (at 7.62 -40.64 270) (size 1.6 1.6) (drill 1) (layers *.Cu *.Mask)
      (net 31 /vfo_top/vfo_mpu/PB_ENC_3V3_N))
    (pad 35 thru_hole circle (at 7.62 -38.1 270) (size 1.6 1.6) (drill 1) (layers *.Cu *.Mask)
      (net 49 /vfo_top/vfo_mpu/Q_ENC_3V3_N))
    (pad 34 thru_hole circle (at 7.62 -35.56 270) (size 1.6 1.6) (drill 1) (layers *.Cu *.Mask)
      (net 48 /vfo_top/vfo_mpu/I_ENC_3V3_N))
    (pad 33 thru_hole circle (at 7.62 -33.02 270) (size 1.6 1.6) (drill 1) (layers *.Cu *.Mask)
      (net 17 /vfo_top/MOSI_DISP_3V3))
    (pad 32 thru_hole circle (at 7.62 -30.48 270) (size 1.6 1.6) (drill 1) (layers *.Cu *.Mask))
    (pad 31 thru_hole circle (at 7.62 -27.94 270) (size 1.6 1.6) (drill 1) (layers *.Cu *.Mask)
      (net 45 "Net-(R20-Pad1)"))
    (pad 30 thru_hole circle (at 7.62 -25.4 270) (size 1.6 1.6) (drill 1) (layers *.Cu *.Mask))
    (pad 29 thru_hole circle (at 7.62 -22.86 270) (size 1.6 1.6) (drill 1) (layers *.Cu *.Mask))
    (pad 28 thru_hole circle (at 7.62 -20.32 270) (size 1.6 1.6) (drill 1) (layers *.Cu *.Mask))
    (pad 27 thru_hole circle (at 7.62 -17.78 270) (size 1.6 1.6) (drill 1) (layers *.Cu *.Mask)
      (net 13 /vfo_top/~TUNE))
    (pad 26 thru_hole circle (at 7.62 -15.24 270) (size 1.6 1.6) (drill 1) (layers *.Cu *.Mask))
    (pad 25 thru_hole circle (at 7.62 -12.7 270) (size 1.6 1.6) (drill 1) (layers *.Cu *.Mask))
    (pad 24 thru_hole circle (at 7.62 -10.16 270) (size 1.6 1.6) (drill 1) (layers *.Cu *.Mask))
    (pad 23 thru_hole circle (at 7.62 -7.62 270) (size 1.6 1.6) (drill 1) (layers *.Cu *.Mask))
    (pad 22 thru_hole circle (at 7.62 -5.08 270) (size 1.6 1.6) (drill 1) (layers *.Cu *.Mask))
    (pad 21 thru_hole circle (at 7.62 -2.54 270) (size 1.6 1.6) (drill 1) (layers *.Cu *.Mask))
    (pad 20 thru_hole circle (at -7.62 -2.54 270) (size 1.6 1.6) (drill 1) (layers *.Cu *.Mask))
    (pad 19 thru_hole circle (at -7.62 -5.08 270) (size 1.6 1.6) (drill 1) (layers *.Cu *.Mask)
      (net 1 GND))
    (pad 18 thru_hole circle (at -7.62 -7.62 270) (size 1.6 1.6) (drill 1) (layers *.Cu *.Mask)
      (net 9 /vfo_top/P5V0))
    (pad 17 thru_hole circle (at -7.62 -10.16 270) (size 1.6 1.6) (drill 1) (layers *.Cu *.Mask)
      (net 44 /vfo_top/vfo_mpu/R4_KP_3V3))
    (pad 16 thru_hole circle (at -7.62 -12.7 270) (size 1.6 1.6) (drill 1) (layers *.Cu *.Mask)
      (net 43 /vfo_top/vfo_mpu/R3_KP_3V3))
    (pad 15 thru_hole circle (at -7.62 -15.24 270) (size 1.6 1.6) (drill 1) (layers *.Cu *.Mask)
      (net 15 /vfo_top/SDA))
    (pad 14 thru_hole circle (at -7.62 -17.78 270) (size 1.6 1.6) (drill 1) (layers *.Cu *.Mask)
      (net 14 /vfo_top/SCL))
    (pad 13 thru_hole circle (at -7.62 -20.32 270) (size 1.6 1.6) (drill 1) (layers *.Cu *.Mask)
      (net 42 /vfo_top/vfo_mpu/R2_KP_3V3))
    (pad 12 thru_hole circle (at -7.62 -22.86 270) (size 1.6 1.6) (drill 1) (layers *.Cu *.Mask)
      (net 41 /vfo_top/vfo_mpu/R1_KP_3V3))
    (pad 11 thru_hole circle (at -7.62 -25.4 270) (size 1.6 1.6) (drill 1) (layers *.Cu *.Mask)
      (net 36 /vfo_top/ENA_FAN))
    (pad 10 thru_hole circle (at -7.62 -27.94 270) (size 1.6 1.6) (drill 1) (layers *.Cu *.Mask))
    (pad 9 thru_hole circle (at -7.62 -30.48 270) (size 1.6 1.6) (drill 1) (layers *.Cu *.Mask))
    (pad 8 thru_hole circle (at -7.62 -33.02 270) (size 1.6 1.6) (drill 1) (layers *.Cu *.Mask)
      (net 35 /vfo_top/ENA_BL))
    (pad 7 thru_hole circle (at -7.62 -35.56 270) (size 1.6 1.6) (drill 1) (layers *.Cu *.Mask)
      (net 47 /vfo_top/vfo_mpu/RXD_UART_3V3))
    (pad 6 thru_hole circle (at -7.62 -38.1 270) (size 1.6 1.6) (drill 1) (layers *.Cu *.Mask)
      (net 46 /vfo_top/vfo_mpu/TXD_UART_3V3))
    (pad 5 thru_hole circle (at -7.62 -40.64 270) (size 1.6 1.6) (drill 1) (layers *.Cu *.Mask)
      (net 16 /vfo_top/CS_DISP_3V3))
    (pad 4 thru_hole circle (at -7.62 -43.18 270) (size 1.6 1.6) (drill 1) (layers *.Cu *.Mask)
      (net 40 /vfo_top/vfo_mpu/C4_KP_3V3))
    (pad 3 thru_hole circle (at -7.62 -45.72 270) (size 1.6 1.6) (drill 1) (layers *.Cu *.Mask)
      (net 39 /vfo_top/vfo_mpu/C3_KP_3V3))
    (pad 2 thru_hole circle (at -7.62 -48.26 270) (size 1.6 1.6) (drill 1) (layers *.Cu *.Mask)
      (net 38 /vfo_top/vfo_mpu/C2_KP_3V3))
    (pad 1 thru_hole rect (at -7.62 -50.8 270) (size 1.6 1.6) (drill 1) (layers *.Cu *.Mask)
      (net 37 /vfo_top/vfo_mpu/C1_KP_3V3))
  )

  (module mods:12864_display locked (layer B.Cu) (tedit 615208CF) (tstamp 6152345D)
    (at 150 92.5 180)
    (path /6145F9C0/616A41BD)
    (fp_text reference J1 (at -7.4 -28.9) (layer B.SilkS)
      (effects (font (size 1 1) (thickness 0.15)) (justify mirror))
    )
    (fp_text value Conn_01x20 (at 0 38) (layer B.Fab)
      (effects (font (size 1 1) (thickness 0.15)) (justify mirror))
    )
    (fp_circle (center -44.05 -32.5) (end -41.5 -32.8) (layer B.SilkS) (width 0.15))
    (fp_circle (center 44 -32.5) (end 46.45 -33) (layer B.SilkS) (width 0.15))
    (fp_circle (center 44 32.5) (end 46.4 31.75) (layer B.SilkS) (width 0.15))
    (fp_circle (center -44 32.5) (end -41.65 31.6) (layer B.SilkS) (width 0.15))
    (fp_line (start -46.5 35) (end 46.5 35) (layer Dwgs.User) (width 0.15))
    (fp_line (start 46.5 35) (end 46.5 -33) (layer Dwgs.User) (width 0.15))
    (fp_line (start 46.5 -33) (end 46.5 -35) (layer Dwgs.User) (width 0.15))
    (fp_line (start 46.5 -35) (end -46.5 -35) (layer Dwgs.User) (width 0.15))
    (fp_line (start -46.5 -35) (end -46.5 35) (layer Dwgs.User) (width 0.15))
    (fp_line (start -34 -31) (end -34 -34) (layer B.SilkS) (width 0.15))
    (fp_line (start -34 -34) (end 17.5 -34) (layer B.SilkS) (width 0.15))
    (fp_line (start 17.5 -34) (end 17.5 -31) (layer B.SilkS) (width 0.15))
    (fp_line (start 17.5 -31) (end -34 -31) (layer B.SilkS) (width 0.15))
    (fp_line (start -34.5 -30.5) (end -34.5 -34.5) (layer B.CrtYd) (width 0.12))
    (fp_line (start -34.5 -34.5) (end 18 -34.5) (layer B.CrtYd) (width 0.12))
    (fp_line (start 18 -34.5) (end 18 -30.5) (layer B.CrtYd) (width 0.12))
    (fp_line (start 18 -30.5) (end -34.5 -30.5) (layer B.CrtYd) (width 0.12))
    (fp_circle (center -44 -32.5) (end -41.5 -33) (layer B.CrtYd) (width 0.12))
    (fp_circle (center -44 32.5) (end -41.5 32) (layer B.CrtYd) (width 0.12))
    (fp_circle (center 44 -32.5) (end 46.5 -33) (layer B.CrtYd) (width 0.12))
    (fp_circle (center 44 32.5) (end 46.5 32) (layer B.CrtYd) (width 0.12))
    (fp_line (start -39.5 25.45) (end 39.5 25.45) (layer Dwgs.User) (width 0.15))
    (fp_line (start 39.5 25.45) (end 39.5 -25.45) (layer Dwgs.User) (width 0.15))
    (fp_line (start 39.5 -25.45) (end -39.5 -25.45) (layer Dwgs.User) (width 0.15))
    (fp_line (start -39.5 -25.45) (end -39.5 25.45) (layer Dwgs.User) (width 0.15))
    (pad 1 thru_hole rect (at 15.76 -32.5 180) (size 1.6 1.6) (drill 1) (layers *.Cu *.Mask)
      (net 1 GND))
    (pad 2 thru_hole circle (at 13.22 -32.5 180) (size 1.6 1.6) (drill 1) (layers *.Cu *.Mask)
      (net 8 /vfo_top/P3V3))
    (pad 3 thru_hole circle (at 10.68 -32.5 180) (size 1.6 1.6) (drill 1) (layers *.Cu *.Mask))
    (pad 4 thru_hole circle (at 8.14 -32.5 180) (size 1.6 1.6) (drill 1) (layers *.Cu *.Mask)
      (net 16 /vfo_top/CS_DISP_3V3))
    (pad 5 thru_hole circle (at 5.6 -32.5 180) (size 1.6 1.6) (drill 1) (layers *.Cu *.Mask)
      (net 17 /vfo_top/MOSI_DISP_3V3))
    (pad 6 thru_hole circle (at 3.06 -32.5 180) (size 1.6 1.6) (drill 1) (layers *.Cu *.Mask)
      (net 18 /vfo_top/SCK_DISP_3V3))
    (pad 7 thru_hole circle (at 0.52 -32.5 180) (size 1.6 1.6) (drill 1) (layers *.Cu *.Mask))
    (pad 8 thru_hole circle (at -2.02 -32.5 180) (size 1.6 1.6) (drill 1) (layers *.Cu *.Mask))
    (pad 9 thru_hole circle (at -4.56 -32.5 180) (size 1.6 1.6) (drill 1) (layers *.Cu *.Mask))
    (pad 10 thru_hole circle (at -7.1 -32.5 180) (size 1.6 1.6) (drill 1) (layers *.Cu *.Mask))
    (pad 11 thru_hole circle (at -9.64 -32.5 180) (size 1.6 1.6) (drill 1) (layers *.Cu *.Mask))
    (pad 12 thru_hole circle (at -12.18 -32.5 180) (size 1.6 1.6) (drill 1) (layers *.Cu *.Mask))
    (pad 13 thru_hole circle (at -14.72 -32.5 180) (size 1.6 1.6) (drill 1) (layers *.Cu *.Mask))
    (pad 14 thru_hole circle (at -17.26 -32.5 180) (size 1.6 1.6) (drill 1) (layers *.Cu *.Mask))
    (pad 15 thru_hole circle (at -19.8 -32.5 180) (size 1.6 1.6) (drill 1) (layers *.Cu *.Mask)
      (net 1 GND))
    (pad 16 thru_hole circle (at -22.34 -32.5 180) (size 1.6 1.6) (drill 1) (layers *.Cu *.Mask))
    (pad 17 thru_hole circle (at -24.88 -32.5 180) (size 1.6 1.6) (drill 1) (layers *.Cu *.Mask))
    (pad 18 thru_hole circle (at -27.42 -32.5 180) (size 1.6 1.6) (drill 1) (layers *.Cu *.Mask))
    (pad 19 thru_hole circle (at -29.96 -32.5 180) (size 1.6 1.6) (drill 1) (layers *.Cu *.Mask)
      (net 9 /vfo_top/P5V0))
    (pad 20 thru_hole circle (at -32.5 -32.5 180) (size 1.6 1.6) (drill 1) (layers *.Cu *.Mask)
      (net 19 "Net-(J1-Pad20)"))
    (pad ~ thru_hole circle (at 44 -32.5 180) (size 2.7 2.7) (drill 2.7) (layers *.Cu *.Mask))
    (pad ~ thru_hole circle (at -44 -32.5 180) (size 2.7 2.7) (drill 2.7) (layers *.Cu *.Mask))
    (pad ~ thru_hole circle (at 44 32.5 180) (size 2.7 2.7) (drill 2.7) (layers *.Cu *.Mask))
    (pad ~ thru_hole circle (at -44 32.5 180) (size 2.7 2.7) (drill 2.7) (layers *.Cu *.Mask))
  )

  (module mods:Etherkit_Si5351 (layer F.Cu) (tedit 61520381) (tstamp 615113B2)
    (at 195 90 270)
    (path /6145F9C0/6145FBAC/61556046)
    (fp_text reference J9 (at -14.8 15.4 90) (layer F.SilkS)
      (effects (font (size 1 1) (thickness 0.15)))
    )
    (fp_text value CONN5 (at 1 -17 90) (layer F.Fab)
      (effects (font (size 1 1) (thickness 0.15)))
    )
    (fp_line (start -17.5 14.25) (end -17.5 11.5) (layer F.CrtYd) (width 0.12))
    (fp_line (start -4.75 14.25) (end -17.5 14.25) (layer F.CrtYd) (width 0.12))
    (fp_line (start -4.75 11.5) (end -4.75 14.25) (layer F.CrtYd) (width 0.12))
    (fp_line (start -17.5 11.5) (end -4.75 11.5) (layer F.CrtYd) (width 0.12))
    (fp_circle (center 21 -7) (end 24 -6.5) (layer F.SilkS) (width 0.15))
    (fp_circle (center 21 -7) (end 24 -7) (layer F.CrtYd) (width 0.12))
    (fp_circle (center 21 11) (end 24 12) (layer F.CrtYd) (width 0.12))
    (fp_circle (center -21 11) (end -18 11) (layer F.CrtYd) (width 0.12))
    (fp_circle (center -21 -7) (end -18 -6.5) (layer F.CrtYd) (width 0.12))
    (fp_line (start -25 -15) (end -25 15) (layer Dwgs.User) (width 0.15))
    (fp_line (start -25 15) (end 25 15) (layer Dwgs.User) (width 0.15))
    (fp_line (start 25 15) (end 25 -15) (layer Dwgs.User) (width 0.15))
    (fp_line (start 25 -15) (end -25 -15) (layer Dwgs.User) (width 0.15))
    (fp_circle (center -21 11) (end -18 11) (layer F.SilkS) (width 0.15))
    (fp_circle (center -21 -7) (end -18 -7) (layer F.SilkS) (width 0.15))
    (fp_circle (center 21 11) (end 24 12) (layer F.SilkS) (width 0.15))
    (fp_line (start -17.5 11.5) (end -17.5 14.25) (layer F.SilkS) (width 0.15))
    (fp_line (start -17.5 14.25) (end -4.75 14.25) (layer F.SilkS) (width 0.15))
    (fp_line (start -4.75 14.25) (end -4.75 11.5) (layer F.SilkS) (width 0.15))
    (fp_line (start -4.75 11.5) (end -17.5 11.5) (layer F.SilkS) (width 0.15))
    (pad 5 thru_hole circle (at -6.04 12.89 270) (size 1.6 1.6) (drill 1) (layers *.Cu *.Mask)
      (net 1 GND))
    (pad 4 thru_hole circle (at -8.58 12.89 270) (size 1.6 1.6) (drill 1) (layers *.Cu *.Mask)
      (net 15 /vfo_top/SDA))
    (pad 3 thru_hole circle (at -11.12 12.89 270) (size 1.6 1.6) (drill 1) (layers *.Cu *.Mask)
      (net 14 /vfo_top/SCL))
    (pad 2 thru_hole circle (at -13.66 12.89 270) (size 1.6 1.6) (drill 1) (layers *.Cu *.Mask))
    (pad 1 thru_hole rect (at -16.2 12.89 270) (size 1.6 1.6) (drill 1) (layers *.Cu *.Mask)
      (net 10 "Net-(C11-Pad1)"))
    (pad ~ thru_hole circle (at 21 11 270) (size 3.2 3.2) (drill 3.2) (layers *.Cu *.Mask))
    (pad ~ thru_hole circle (at 21 -7 270) (size 3.2 3.2) (drill 3.2) (layers *.Cu *.Mask))
    (pad ~ thru_hole circle (at -21 -7 270) (size 3.2 3.2) (drill 3.2) (layers *.Cu *.Mask))
    (pad ~ thru_hole circle (at -21 11 270) (size 3.2 3.2) (drill 3.2) (layers *.Cu *.Mask))
  )

  (module Capacitor_SMD:C_0805_2012Metric_Pad1.15x1.40mm_HandSolder (layer B.Cu) (tedit 5B36C52B) (tstamp 615119E5)
    (at 125 64 180)
    (descr "Capacitor SMD 0805 (2012 Metric), square (rectangular) end terminal, IPC_7351 nominal with elongated pad for handsoldering. (Body size source: https://docs.google.com/spreadsheets/d/1BsfQQcO9C6DZCsRaXUlFlo91Tg2WpOkGARC1WS5S8t0/edit?usp=sharing), generated with kicad-footprint-generator")
    (tags "capacitor handsolder")
    (path /6145F9C0/61546640)
    (attr smd)
    (fp_text reference C1 (at -3 0) (layer B.SilkS)
      (effects (font (size 1 1) (thickness 0.15)) (justify mirror))
    )
    (fp_text value 1000p (at 0 -1.65) (layer B.Fab)
      (effects (font (size 1 1) (thickness 0.15)) (justify mirror))
    )
    (fp_line (start -1 -0.6) (end -1 0.6) (layer B.Fab) (width 0.1))
    (fp_line (start -1 0.6) (end 1 0.6) (layer B.Fab) (width 0.1))
    (fp_line (start 1 0.6) (end 1 -0.6) (layer B.Fab) (width 0.1))
    (fp_line (start 1 -0.6) (end -1 -0.6) (layer B.Fab) (width 0.1))
    (fp_line (start -0.261252 0.71) (end 0.261252 0.71) (layer B.SilkS) (width 0.12))
    (fp_line (start -0.261252 -0.71) (end 0.261252 -0.71) (layer B.SilkS) (width 0.12))
    (fp_line (start -1.85 -0.95) (end -1.85 0.95) (layer B.CrtYd) (width 0.05))
    (fp_line (start -1.85 0.95) (end 1.85 0.95) (layer B.CrtYd) (width 0.05))
    (fp_line (start 1.85 0.95) (end 1.85 -0.95) (layer B.CrtYd) (width 0.05))
    (fp_line (start 1.85 -0.95) (end -1.85 -0.95) (layer B.CrtYd) (width 0.05))
    (fp_text user %R (at 0 0) (layer F.Fab)
      (effects (font (size 0.5 0.5) (thickness 0.08)))
    )
    (pad 2 smd roundrect (at 1.025 0 180) (size 1.15 1.4) (layers B.Cu B.Paste B.Mask) (roundrect_rratio 0.217391)
      (net 1 GND))
    (pad 1 smd roundrect (at -1.025 0 180) (size 1.15 1.4) (layers B.Cu B.Paste B.Mask) (roundrect_rratio 0.217391)
      (net 2 "Net-(C1-Pad1)"))
    (model ${KISYS3DMOD}/Capacitor_SMD.3dshapes/C_0805_2012Metric.wrl
      (at (xyz 0 0 0))
      (scale (xyz 1 1 1))
      (rotate (xyz 0 0 0))
    )
  )

  (module Capacitor_SMD:C_0805_2012Metric_Pad1.15x1.40mm_HandSolder (layer B.Cu) (tedit 5B36C52B) (tstamp 615119F6)
    (at 105 75)
    (descr "Capacitor SMD 0805 (2012 Metric), square (rectangular) end terminal, IPC_7351 nominal with elongated pad for handsoldering. (Body size source: https://docs.google.com/spreadsheets/d/1BsfQQcO9C6DZCsRaXUlFlo91Tg2WpOkGARC1WS5S8t0/edit?usp=sharing), generated with kicad-footprint-generator")
    (tags "capacitor handsolder")
    (path /6145F9C0/6153B4D6)
    (attr smd)
    (fp_text reference C2 (at 0.2 2) (layer B.SilkS)
      (effects (font (size 1 1) (thickness 0.15)) (justify mirror))
    )
    (fp_text value 0.1u (at 0 -1.65) (layer B.Fab)
      (effects (font (size 1 1) (thickness 0.15)) (justify mirror))
    )
    (fp_line (start -1 -0.6) (end -1 0.6) (layer B.Fab) (width 0.1))
    (fp_line (start -1 0.6) (end 1 0.6) (layer B.Fab) (width 0.1))
    (fp_line (start 1 0.6) (end 1 -0.6) (layer B.Fab) (width 0.1))
    (fp_line (start 1 -0.6) (end -1 -0.6) (layer B.Fab) (width 0.1))
    (fp_line (start -0.261252 0.71) (end 0.261252 0.71) (layer B.SilkS) (width 0.12))
    (fp_line (start -0.261252 -0.71) (end 0.261252 -0.71) (layer B.SilkS) (width 0.12))
    (fp_line (start -1.85 -0.95) (end -1.85 0.95) (layer B.CrtYd) (width 0.05))
    (fp_line (start -1.85 0.95) (end 1.85 0.95) (layer B.CrtYd) (width 0.05))
    (fp_line (start 1.85 0.95) (end 1.85 -0.95) (layer B.CrtYd) (width 0.05))
    (fp_line (start 1.85 -0.95) (end -1.85 -0.95) (layer B.CrtYd) (width 0.05))
    (fp_text user %R (at 0 0) (layer B.Fab)
      (effects (font (size 0.5 0.5) (thickness 0.08)) (justify mirror))
    )
    (pad 2 smd roundrect (at 1.025 0) (size 1.15 1.4) (layers B.Cu B.Paste B.Mask) (roundrect_rratio 0.217391)
      (net 1 GND))
    (pad 1 smd roundrect (at -1.025 0) (size 1.15 1.4) (layers B.Cu B.Paste B.Mask) (roundrect_rratio 0.217391)
      (net 3 /vfo_top/P13V8))
    (model ${KISYS3DMOD}/Capacitor_SMD.3dshapes/C_0805_2012Metric.wrl
      (at (xyz 0 0 0))
      (scale (xyz 1 1 1))
      (rotate (xyz 0 0 0))
    )
  )

  (module Capacitor_SMD:C_0805_2012Metric_Pad1.15x1.40mm_HandSolder (layer B.Cu) (tedit 5B36C52B) (tstamp 61528517)
    (at 114 64 180)
    (descr "Capacitor SMD 0805 (2012 Metric), square (rectangular) end terminal, IPC_7351 nominal with elongated pad for handsoldering. (Body size source: https://docs.google.com/spreadsheets/d/1BsfQQcO9C6DZCsRaXUlFlo91Tg2WpOkGARC1WS5S8t0/edit?usp=sharing), generated with kicad-footprint-generator")
    (tags "capacitor handsolder")
    (path /6145F9C0/61546DDD)
    (attr smd)
    (fp_text reference C3 (at 4 0) (layer B.SilkS)
      (effects (font (size 1 1) (thickness 0.15)) (justify mirror))
    )
    (fp_text value 1000p (at 0 -1.65) (layer B.Fab)
      (effects (font (size 1 1) (thickness 0.15)) (justify mirror))
    )
    (fp_line (start 1.85 -0.95) (end -1.85 -0.95) (layer B.CrtYd) (width 0.05))
    (fp_line (start 1.85 0.95) (end 1.85 -0.95) (layer B.CrtYd) (width 0.05))
    (fp_line (start -1.85 0.95) (end 1.85 0.95) (layer B.CrtYd) (width 0.05))
    (fp_line (start -1.85 -0.95) (end -1.85 0.95) (layer B.CrtYd) (width 0.05))
    (fp_line (start -0.261252 -0.71) (end 0.261252 -0.71) (layer B.SilkS) (width 0.12))
    (fp_line (start -0.261252 0.71) (end 0.261252 0.71) (layer B.SilkS) (width 0.12))
    (fp_line (start 1 -0.6) (end -1 -0.6) (layer B.Fab) (width 0.1))
    (fp_line (start 1 0.6) (end 1 -0.6) (layer B.Fab) (width 0.1))
    (fp_line (start -1 0.6) (end 1 0.6) (layer B.Fab) (width 0.1))
    (fp_line (start -1 -0.6) (end -1 0.6) (layer B.Fab) (width 0.1))
    (fp_text user %R (at 0 0) (layer B.Fab)
      (effects (font (size 0.5 0.5) (thickness 0.08)) (justify mirror))
    )
    (pad 1 smd roundrect (at -1.025 0 180) (size 1.15 1.4) (layers B.Cu B.Paste B.Mask) (roundrect_rratio 0.217391)
      (net 4 "Net-(C3-Pad1)"))
    (pad 2 smd roundrect (at 1.025 0 180) (size 1.15 1.4) (layers B.Cu B.Paste B.Mask) (roundrect_rratio 0.217391)
      (net 1 GND))
    (model ${KISYS3DMOD}/Capacitor_SMD.3dshapes/C_0805_2012Metric.wrl
      (at (xyz 0 0 0))
      (scale (xyz 1 1 1))
      (rotate (xyz 0 0 0))
    )
  )

  (module Capacitor_SMD:C_0805_2012Metric_Pad1.15x1.40mm_HandSolder (layer B.Cu) (tedit 5B36C52B) (tstamp 61523921)
    (at 93 89 270)
    (descr "Capacitor SMD 0805 (2012 Metric), square (rectangular) end terminal, IPC_7351 nominal with elongated pad for handsoldering. (Body size source: https://docs.google.com/spreadsheets/d/1BsfQQcO9C6DZCsRaXUlFlo91Tg2WpOkGARC1WS5S8t0/edit?usp=sharing), generated with kicad-footprint-generator")
    (tags "capacitor handsolder")
    (path /6145F9C0/61527645)
    (attr smd)
    (fp_text reference C4 (at 1 -2.2 270) (layer B.SilkS)
      (effects (font (size 1 1) (thickness 0.15)) (justify mirror))
    )
    (fp_text value 0.1u (at 0 -1.65 270) (layer B.Fab)
      (effects (font (size 1 1) (thickness 0.15)) (justify mirror))
    )
    (fp_line (start -1 -0.6) (end -1 0.6) (layer B.Fab) (width 0.1))
    (fp_line (start -1 0.6) (end 1 0.6) (layer B.Fab) (width 0.1))
    (fp_line (start 1 0.6) (end 1 -0.6) (layer B.Fab) (width 0.1))
    (fp_line (start 1 -0.6) (end -1 -0.6) (layer B.Fab) (width 0.1))
    (fp_line (start -0.261252 0.71) (end 0.261252 0.71) (layer B.SilkS) (width 0.12))
    (fp_line (start -0.261252 -0.71) (end 0.261252 -0.71) (layer B.SilkS) (width 0.12))
    (fp_line (start -1.85 -0.95) (end -1.85 0.95) (layer B.CrtYd) (width 0.05))
    (fp_line (start -1.85 0.95) (end 1.85 0.95) (layer B.CrtYd) (width 0.05))
    (fp_line (start 1.85 0.95) (end 1.85 -0.95) (layer B.CrtYd) (width 0.05))
    (fp_line (start 1.85 -0.95) (end -1.85 -0.95) (layer B.CrtYd) (width 0.05))
    (fp_text user %R (at 0 0 270) (layer B.Fab)
      (effects (font (size 0.5 0.5) (thickness 0.08)) (justify mirror))
    )
    (pad 2 smd roundrect (at 1.025 0 270) (size 1.15 1.4) (layers B.Cu B.Paste B.Mask) (roundrect_rratio 0.217391)
      (net 1 GND))
    (pad 1 smd roundrect (at -1.025 0 270) (size 1.15 1.4) (layers B.Cu B.Paste B.Mask) (roundrect_rratio 0.217391)
      (net 5 "Net-(C4-Pad1)"))
    (model ${KISYS3DMOD}/Capacitor_SMD.3dshapes/C_0805_2012Metric.wrl
      (at (xyz 0 0 0))
      (scale (xyz 1 1 1))
      (rotate (xyz 0 0 0))
    )
  )

  (module Capacitor_SMD:C_0805_2012Metric_Pad1.15x1.40mm_HandSolder (layer B.Cu) (tedit 5B36C52B) (tstamp 61523A61)
    (at 97 76)
    (descr "Capacitor SMD 0805 (2012 Metric), square (rectangular) end terminal, IPC_7351 nominal with elongated pad for handsoldering. (Body size source: https://docs.google.com/spreadsheets/d/1BsfQQcO9C6DZCsRaXUlFlo91Tg2WpOkGARC1WS5S8t0/edit?usp=sharing), generated with kicad-footprint-generator")
    (tags "capacitor handsolder")
    (path /6145F9C0/615359B4)
    (attr smd)
    (fp_text reference C5 (at 2.8 3 180) (layer B.SilkS)
      (effects (font (size 1 1) (thickness 0.15)) (justify mirror))
    )
    (fp_text value 100p (at 0 -1.65 180) (layer B.Fab)
      (effects (font (size 1 1) (thickness 0.15)) (justify mirror))
    )
    (fp_line (start -1 -0.6) (end -1 0.6) (layer B.Fab) (width 0.1))
    (fp_line (start -1 0.6) (end 1 0.6) (layer B.Fab) (width 0.1))
    (fp_line (start 1 0.6) (end 1 -0.6) (layer B.Fab) (width 0.1))
    (fp_line (start 1 -0.6) (end -1 -0.6) (layer B.Fab) (width 0.1))
    (fp_line (start -0.261252 0.71) (end 0.261252 0.71) (layer B.SilkS) (width 0.12))
    (fp_line (start -0.261252 -0.71) (end 0.261252 -0.71) (layer B.SilkS) (width 0.12))
    (fp_line (start -1.85 -0.95) (end -1.85 0.95) (layer B.CrtYd) (width 0.05))
    (fp_line (start -1.85 0.95) (end 1.85 0.95) (layer B.CrtYd) (width 0.05))
    (fp_line (start 1.85 0.95) (end 1.85 -0.95) (layer B.CrtYd) (width 0.05))
    (fp_line (start 1.85 -0.95) (end -1.85 -0.95) (layer B.CrtYd) (width 0.05))
    (fp_text user %R (at 0 0 180) (layer B.Fab)
      (effects (font (size 0.5 0.5) (thickness 0.08)) (justify mirror))
    )
    (pad 2 smd roundrect (at 1.025 0) (size 1.15 1.4) (layers B.Cu B.Paste B.Mask) (roundrect_rratio 0.217391)
      (net 1 GND))
    (pad 1 smd roundrect (at -1.025 0) (size 1.15 1.4) (layers B.Cu B.Paste B.Mask) (roundrect_rratio 0.217391)
      (net 6 "Net-(C5-Pad1)"))
    (model ${KISYS3DMOD}/Capacitor_SMD.3dshapes/C_0805_2012Metric.wrl
      (at (xyz 0 0 0))
      (scale (xyz 1 1 1))
      (rotate (xyz 0 0 0))
    )
  )

  (module Capacitor_SMD:C_0805_2012Metric_Pad1.15x1.40mm_HandSolder (layer B.Cu) (tedit 5B36C52B) (tstamp 61511A3A)
    (at 97 73)
    (descr "Capacitor SMD 0805 (2012 Metric), square (rectangular) end terminal, IPC_7351 nominal with elongated pad for handsoldering. (Body size source: https://docs.google.com/spreadsheets/d/1BsfQQcO9C6DZCsRaXUlFlo91Tg2WpOkGARC1WS5S8t0/edit?usp=sharing), generated with kicad-footprint-generator")
    (tags "capacitor handsolder")
    (path /6145F9C0/615364B4)
    (attr smd)
    (fp_text reference C6 (at 3.8 0) (layer B.SilkS)
      (effects (font (size 1 1) (thickness 0.15)) (justify mirror))
    )
    (fp_text value 100p (at 0 -1.65) (layer B.Fab)
      (effects (font (size 1 1) (thickness 0.15)) (justify mirror))
    )
    (fp_line (start 1.85 -0.95) (end -1.85 -0.95) (layer B.CrtYd) (width 0.05))
    (fp_line (start 1.85 0.95) (end 1.85 -0.95) (layer B.CrtYd) (width 0.05))
    (fp_line (start -1.85 0.95) (end 1.85 0.95) (layer B.CrtYd) (width 0.05))
    (fp_line (start -1.85 -0.95) (end -1.85 0.95) (layer B.CrtYd) (width 0.05))
    (fp_line (start -0.261252 -0.71) (end 0.261252 -0.71) (layer B.SilkS) (width 0.12))
    (fp_line (start -0.261252 0.71) (end 0.261252 0.71) (layer B.SilkS) (width 0.12))
    (fp_line (start 1 -0.6) (end -1 -0.6) (layer B.Fab) (width 0.1))
    (fp_line (start 1 0.6) (end 1 -0.6) (layer B.Fab) (width 0.1))
    (fp_line (start -1 0.6) (end 1 0.6) (layer B.Fab) (width 0.1))
    (fp_line (start -1 -0.6) (end -1 0.6) (layer B.Fab) (width 0.1))
    (fp_text user %R (at 0 0) (layer B.Fab)
      (effects (font (size 0.5 0.5) (thickness 0.08)) (justify mirror))
    )
    (pad 1 smd roundrect (at -1.025 0) (size 1.15 1.4) (layers B.Cu B.Paste B.Mask) (roundrect_rratio 0.217391)
      (net 7 "Net-(C6-Pad1)"))
    (pad 2 smd roundrect (at 1.025 0) (size 1.15 1.4) (layers B.Cu B.Paste B.Mask) (roundrect_rratio 0.217391)
      (net 1 GND))
    (model ${KISYS3DMOD}/Capacitor_SMD.3dshapes/C_0805_2012Metric.wrl
      (at (xyz 0 0 0))
      (scale (xyz 1 1 1))
      (rotate (xyz 0 0 0))
    )
  )

  (module Capacitor_SMD:C_0805_2012Metric_Pad1.15x1.40mm_HandSolder (layer B.Cu) (tedit 5B36C52B) (tstamp 61511A4B)
    (at 101 86)
    (descr "Capacitor SMD 0805 (2012 Metric), square (rectangular) end terminal, IPC_7351 nominal with elongated pad for handsoldering. (Body size source: https://docs.google.com/spreadsheets/d/1BsfQQcO9C6DZCsRaXUlFlo91Tg2WpOkGARC1WS5S8t0/edit?usp=sharing), generated with kicad-footprint-generator")
    (tags "capacitor handsolder")
    (path /6145F9C0/6153152A)
    (attr smd)
    (fp_text reference C7 (at 0 2) (layer B.SilkS)
      (effects (font (size 1 1) (thickness 0.15)) (justify mirror))
    )
    (fp_text value 0.1u (at 0 -1.65) (layer B.Fab)
      (effects (font (size 1 1) (thickness 0.15)) (justify mirror))
    )
    (fp_line (start 1.85 -0.95) (end -1.85 -0.95) (layer B.CrtYd) (width 0.05))
    (fp_line (start 1.85 0.95) (end 1.85 -0.95) (layer B.CrtYd) (width 0.05))
    (fp_line (start -1.85 0.95) (end 1.85 0.95) (layer B.CrtYd) (width 0.05))
    (fp_line (start -1.85 -0.95) (end -1.85 0.95) (layer B.CrtYd) (width 0.05))
    (fp_line (start -0.261252 -0.71) (end 0.261252 -0.71) (layer B.SilkS) (width 0.12))
    (fp_line (start -0.261252 0.71) (end 0.261252 0.71) (layer B.SilkS) (width 0.12))
    (fp_line (start 1 -0.6) (end -1 -0.6) (layer B.Fab) (width 0.1))
    (fp_line (start 1 0.6) (end 1 -0.6) (layer B.Fab) (width 0.1))
    (fp_line (start -1 0.6) (end 1 0.6) (layer B.Fab) (width 0.1))
    (fp_line (start -1 -0.6) (end -1 0.6) (layer B.Fab) (width 0.1))
    (fp_text user %R (at 0 0) (layer B.Fab)
      (effects (font (size 0.5 0.5) (thickness 0.08)) (justify mirror))
    )
    (pad 1 smd roundrect (at -1.025 0) (size 1.15 1.4) (layers B.Cu B.Paste B.Mask) (roundrect_rratio 0.217391)
      (net 3 /vfo_top/P13V8))
    (pad 2 smd roundrect (at 1.025 0) (size 1.15 1.4) (layers B.Cu B.Paste B.Mask) (roundrect_rratio 0.217391)
      (net 1 GND))
    (model ${KISYS3DMOD}/Capacitor_SMD.3dshapes/C_0805_2012Metric.wrl
      (at (xyz 0 0 0))
      (scale (xyz 1 1 1))
      (rotate (xyz 0 0 0))
    )
  )

  (module Capacitor_SMD:C_0805_2012Metric_Pad1.15x1.40mm_HandSolder (layer B.Cu) (tedit 5B36C52B) (tstamp 61511A5C)
    (at 171 93)
    (descr "Capacitor SMD 0805 (2012 Metric), square (rectangular) end terminal, IPC_7351 nominal with elongated pad for handsoldering. (Body size source: https://docs.google.com/spreadsheets/d/1BsfQQcO9C6DZCsRaXUlFlo91Tg2WpOkGARC1WS5S8t0/edit?usp=sharing), generated with kicad-footprint-generator")
    (tags "capacitor handsolder")
    (path /6145F9C0/6145FAE1/614D6505)
    (attr smd)
    (fp_text reference C8 (at 0 2) (layer B.SilkS)
      (effects (font (size 1 1) (thickness 0.15)) (justify mirror))
    )
    (fp_text value 0.1u (at 0 -1.65) (layer B.Fab)
      (effects (font (size 1 1) (thickness 0.15)) (justify mirror))
    )
    (fp_line (start 1.85 -0.95) (end -1.85 -0.95) (layer B.CrtYd) (width 0.05))
    (fp_line (start 1.85 0.95) (end 1.85 -0.95) (layer B.CrtYd) (width 0.05))
    (fp_line (start -1.85 0.95) (end 1.85 0.95) (layer B.CrtYd) (width 0.05))
    (fp_line (start -1.85 -0.95) (end -1.85 0.95) (layer B.CrtYd) (width 0.05))
    (fp_line (start -0.261252 -0.71) (end 0.261252 -0.71) (layer B.SilkS) (width 0.12))
    (fp_line (start -0.261252 0.71) (end 0.261252 0.71) (layer B.SilkS) (width 0.12))
    (fp_line (start 1 -0.6) (end -1 -0.6) (layer B.Fab) (width 0.1))
    (fp_line (start 1 0.6) (end 1 -0.6) (layer B.Fab) (width 0.1))
    (fp_line (start -1 0.6) (end 1 0.6) (layer B.Fab) (width 0.1))
    (fp_line (start -1 -0.6) (end -1 0.6) (layer B.Fab) (width 0.1))
    (fp_text user %R (at 0 0) (layer B.Fab)
      (effects (font (size 0.5 0.5) (thickness 0.08)) (justify mirror))
    )
    (pad 1 smd roundrect (at -1.025 0) (size 1.15 1.4) (layers B.Cu B.Paste B.Mask) (roundrect_rratio 0.217391)
      (net 8 /vfo_top/P3V3))
    (pad 2 smd roundrect (at 1.025 0) (size 1.15 1.4) (layers B.Cu B.Paste B.Mask) (roundrect_rratio 0.217391)
      (net 1 GND))
    (model ${KISYS3DMOD}/Capacitor_SMD.3dshapes/C_0805_2012Metric.wrl
      (at (xyz 0 0 0))
      (scale (xyz 1 1 1))
      (rotate (xyz 0 0 0))
    )
  )

  (module Capacitor_SMD:C_0805_2012Metric_Pad1.15x1.40mm_HandSolder (layer B.Cu) (tedit 5B36C52B) (tstamp 61511A6D)
    (at 166 93)
    (descr "Capacitor SMD 0805 (2012 Metric), square (rectangular) end terminal, IPC_7351 nominal with elongated pad for handsoldering. (Body size source: https://docs.google.com/spreadsheets/d/1BsfQQcO9C6DZCsRaXUlFlo91Tg2WpOkGARC1WS5S8t0/edit?usp=sharing), generated with kicad-footprint-generator")
    (tags "capacitor handsolder")
    (path /6145F9C0/6145FAE1/614D6ED0)
    (attr smd)
    (fp_text reference C9 (at -0.2 2) (layer B.SilkS)
      (effects (font (size 1 1) (thickness 0.15)) (justify mirror))
    )
    (fp_text value 0.1u (at 0 -1.65) (layer B.Fab)
      (effects (font (size 1 1) (thickness 0.15)) (justify mirror))
    )
    (fp_line (start -1 -0.6) (end -1 0.6) (layer B.Fab) (width 0.1))
    (fp_line (start -1 0.6) (end 1 0.6) (layer B.Fab) (width 0.1))
    (fp_line (start 1 0.6) (end 1 -0.6) (layer B.Fab) (width 0.1))
    (fp_line (start 1 -0.6) (end -1 -0.6) (layer B.Fab) (width 0.1))
    (fp_line (start -0.261252 0.71) (end 0.261252 0.71) (layer B.SilkS) (width 0.12))
    (fp_line (start -0.261252 -0.71) (end 0.261252 -0.71) (layer B.SilkS) (width 0.12))
    (fp_line (start -1.85 -0.95) (end -1.85 0.95) (layer B.CrtYd) (width 0.05))
    (fp_line (start -1.85 0.95) (end 1.85 0.95) (layer B.CrtYd) (width 0.05))
    (fp_line (start 1.85 0.95) (end 1.85 -0.95) (layer B.CrtYd) (width 0.05))
    (fp_line (start 1.85 -0.95) (end -1.85 -0.95) (layer B.CrtYd) (width 0.05))
    (fp_text user %R (at 0 0) (layer B.Fab)
      (effects (font (size 0.5 0.5) (thickness 0.08)) (justify mirror))
    )
    (pad 2 smd roundrect (at 1.025 0) (size 1.15 1.4) (layers B.Cu B.Paste B.Mask) (roundrect_rratio 0.217391)
      (net 1 GND))
    (pad 1 smd roundrect (at -1.025 0) (size 1.15 1.4) (layers B.Cu B.Paste B.Mask) (roundrect_rratio 0.217391)
      (net 8 /vfo_top/P3V3))
    (model ${KISYS3DMOD}/Capacitor_SMD.3dshapes/C_0805_2012Metric.wrl
      (at (xyz 0 0 0))
      (scale (xyz 1 1 1))
      (rotate (xyz 0 0 0))
    )
  )

  (module Capacitor_SMD:C_0805_2012Metric_Pad1.15x1.40mm_HandSolder (layer B.Cu) (tedit 5B36C52B) (tstamp 61511A7E)
    (at 177 90)
    (descr "Capacitor SMD 0805 (2012 Metric), square (rectangular) end terminal, IPC_7351 nominal with elongated pad for handsoldering. (Body size source: https://docs.google.com/spreadsheets/d/1BsfQQcO9C6DZCsRaXUlFlo91Tg2WpOkGARC1WS5S8t0/edit?usp=sharing), generated with kicad-footprint-generator")
    (tags "capacitor handsolder")
    (path /6145F9C0/6145FAE1/614E0B9D)
    (attr smd)
    (fp_text reference C10 (at 0.4 2.2) (layer B.SilkS)
      (effects (font (size 1 1) (thickness 0.15)) (justify mirror))
    )
    (fp_text value 0.1u (at 0 -1.65) (layer B.Fab)
      (effects (font (size 1 1) (thickness 0.15)) (justify mirror))
    )
    (fp_line (start 1.85 -0.95) (end -1.85 -0.95) (layer B.CrtYd) (width 0.05))
    (fp_line (start 1.85 0.95) (end 1.85 -0.95) (layer B.CrtYd) (width 0.05))
    (fp_line (start -1.85 0.95) (end 1.85 0.95) (layer B.CrtYd) (width 0.05))
    (fp_line (start -1.85 -0.95) (end -1.85 0.95) (layer B.CrtYd) (width 0.05))
    (fp_line (start -0.261252 -0.71) (end 0.261252 -0.71) (layer B.SilkS) (width 0.12))
